h(,0):,No Name
bc(1)cc=856
