h(,0):,ipdb
bc(1)cc=56516
